	D	J	M
R:32MB	100.0	0.0	0.0
W:1844MB	13.6659436009	77.4403470716	8.89370932755
N:0MB	0	0	0
